%YAML:1.0
R: !!opencv-matrix
   rows: 3
   cols: 3
   dt: d
   data: [ 9.9899719808892629e-01, 3.1840101024346541e-02,
       3.1477073835316782e-02, -3.2017427208903985e-02,
       9.9947406586089194e-01, 5.1454860236822336e-03,
       -3.1296686172774160e-02, -6.1481410407358402e-03,
       9.9949122947444924e-01 ]
T: !!opencv-matrix
   rows: 3
   cols: 1
   dt: d
   data: [ 1.0976868818307713e-01, -3.6295673973117761e-03,
       2.6129737875295534e-04 ]
R1: !!opencv-matrix
   rows: 3
   cols: 3
   dt: d
   data: [ 9.9943233630859463e-01, -1.2220712997577754e-03,
       3.3667665236582267e-02, 1.1176081246881125e-03,
       9.9999450383320898e-01, 3.1214188206129668e-03,
       -3.3671294789833849e-02, -3.0820196482751971e-03,
       9.9942820905859153e-01 ]
R2: !!opencv-matrix
   rows: 3
   cols: 3
   dt: d
   data: [ 9.9945095236262682e-01, -3.3047444147801357e-02,
       2.3791294071858395e-03, 3.3054666541653024e-02,
       9.9944885086485791e-01, -3.0632539455506158e-03,
       -2.2765854383945544e-03, 3.1402134024230604e-03,
       9.9999247808097491e-01 ]
P1: !!opencv-matrix
   rows: 3
   cols: 4
   dt: d
   data: [ 3.2874687088187943e+02, 0., 2.8917638015747070e+02, 0., 0.,
       3.2874687088187943e+02, 2.4871442794799805e+02, 0., 0., 0., 1.,
       0. ]
P2: !!opencv-matrix
   rows: 3
   cols: 4
   dt: d
   data: [ 3.2874687088187943e+02, 0., 2.8917638015747070e+02,
       3.6105936640202785e+01, 0., 3.2874687088187943e+02,
       2.4871442794799805e+02, 0., 0., 0., 1., 0. ]
Q: !!opencv-matrix
   rows: 4
   cols: 4
   dt: d
   data: [ 1., 0., 0., -2.8917638015747070e+02, 0., 1., 0.,
       -2.4871442794799805e+02, 0., 0., 0., 3.2874687088187943e+02, 0.,
       0., -9.1050641936769612e+00, 0. ]
