%YAML:1.0
M1: !!opencv-matrix
   rows: 3
   cols: 3
   dt: d
   data: [ 3.8527459673068103e+02, 0., 3.1413072761285667e+02, 0.,
       3.7893280371170079e+02, 2.4801118539187650e+02, 0., 0., 1. ]
D1: !!opencv-matrix
   rows: 1
   cols: 14
   dt: d
   data: [ -8.1437266124442367e-02, 8.1647360562634400e-02,
       1.6386000809763873e-03, 3.8941822537153143e-03,
       -3.7214288943200544e-02, 0., 0., 0., 0., 0., 0., 0., 0., 0. ]
M2: !!opencv-matrix
   rows: 3
   cols: 3
   dt: d
   data: [ 3.8527459673068103e+02, 0., 2.9666769663029248e+02, 0.,
       3.7893280371170079e+02, 2.4979295407963625e+02, 0., 0., 1. ]
D2: !!opencv-matrix
   rows: 1
   cols: 14
   dt: d
   data: [ -6.5084371011860223e-02, 6.6479161125163236e-02,
       -1.6067719440596717e-03, -8.4465521177016396e-03,
       -4.0003553570989024e-02, 0., 0., 0., 0., 0., 0., 0., 0., 0. ]
